284461 4.0 2.0 2.0
275840 3.0 2.0 2.0
284463 3.5 2.0 2.0
284469 4.5 4.0 4.5
284472 3.5 2.0 2.0
284473 3.0 3.0 3.0
266286 3.5 3.5 3.5
284487 4.0 3.0 3.5
287279 3.0 2.0 2.0
284491 3.0 2.0 2.0
266297 3.0 4.5 4.0
284496 3.5 4.0 4.0
284503 3.5 2.0 2.0
282962 3.0 4.0 3.5
284505 3.5 2.0 2.0
284508 3.0 2.0 2.0
284513 3.0 2.0 2.0
288275 3.5 4.5 4.0
284519 3.0 2.0 2.0
283867 3.5 2.0 2.0
279512 3.5 4.0 4.0
275919 4.0 2.0 2.0
275938 3.0 2.0 2.0
275941 2.0 2.0 2.0
284536 3.0 3.5 3.5
284537 3.0 3.0 3.0
275950 3.5 4.0 4.0
295396 3.5 3.0 3.5
284544 3.5 3.5 3.5
260102 3.5 3.0 3.5
284546 3.0 2.0 2.0
275970 4.0 2.0 2.0
284551 3.0 2.0 2.0
284553 4.0 2.0 2.0
284560 3.0 3.0 3.0
288049 3.5 2.0 2.0
